pathogen_record_id	associated_rodent_record_id	scientificName	assay	tested	positive
43695	35331		IFA	1	0
43696	35332		IFA	1	0
43697	35333		IFA	1	1
43698	35334		IFA	1	0
43699	35335		IFA	1	0
43700	35336		IFA	1	0
43701	35337		IFA	1	0
43702	35338		IFA	1	0
43703	35339		IFA	1	0
43704	35340		IFA	1	0
43705	35341		IFA	1	0
43706	35342		IFA	1	0
43707	35343		IFA	1	0
43708	35344		IFA	1	0
43709	35345		IFA	1	0
43710	35346		IFA	1	0
43711	35347		IFA	1	0
43712	35348		IFA	1	0
43713	35349		IFA	1	0
43714	35350		IFA	1	0
43715	35351		IFA	1	0
43716	35352		IFA	1	0
43717	35353		IFA	1	0
43718	35354		IFA	1	0
43719	35355		IFA	1	0
43720	35356		IFA	1	0
43721	35357		IFA	1	0
43722	35358		IFA	1	0
43723	35359		IFA	1	0
43724	35360		IFA	1	0
43725	35361		IFA	1	1
43726	35362		IFA	1	0
43727	35363		IFA	1	0
43728	35364		IFA	1	0
43729	35365		IFA	1	0
43730	35366		IFA	1	0
43731	35367		IFA	1	0
43732	35368		IFA	1	0
43733	35369		IFA	1	0
43734	35370		IFA	1	0
43735	35371		IFA	1	0
43736	35372		IFA	1	0
43737	35373		IFA	1	0
43738	35374		IFA	1	0
43739	35375		IFA	1	0
43740	35376		IFA	1	0
43741	35377		IFA	1	0
43742	35378		IFA	1	1
43743	35379		IFA	1	1
43744	35380		IFA	1	0
43745	35381		IFA	1	1
43746	35382		IFA	1	0
43747	35383		IFA	1	1
43748	35384		IFA	1	0
43749	35385		IFA	1	0
43750	35386		IFA	1	0
43751	35387		IFA	1	0
43752	35388		IFA	1	0
43753	35389		IFA	1	1
43754	35390		IFA	1	0
43755	35391		IFA	1	0
43756	35392		IFA	1	0
43757	35393		IFA	1	0
43758	35394		IFA	1	0
43759	35395		IFA	1	1
43760	35396		IFA	1	0
43761	35397		IFA	1	0
43762	35398		IFA	1	0
43763	35399		IFA	1	0
43764	35400		IFA	1	0
43765	35401		IFA	1	0
43766	35402		IFA	1	1
43767	35403		IFA	1	1
43768	35404		IFA	1	0
43769	35405		IFA	1	0
43770	35406		IFA	1	0
43771	35407		IFA	1	0
43772	35408		IFA	1	0
43773	35409		IFA	1	1
43774	35410		IFA	1	0
43775	35411		IFA	1	0
43776	35412		IFA	1	1
43777	35413		IFA	1	0
43778	35414		IFA	1	0
43779	35415		IFA	1	1
43780	35416		IFA	1	1
43781	35417		IFA	1	0
43782	35418		IFA	1	0
43783	35419		IFA	1	0
43784	35420		IFA	1	0
43785	35421		IFA	1	0
43786	35422		IFA	1	1
43787	35423		IFA	1	0
43788	35424		IFA	1	0
43789	35425		IFA	1	0
43790	35426		IFA	1	0
43791	35427		IFA	1	0
43792	35428		IFA	1	0
43793	35429		IFA	1	0
43794	35430		IFA	1	0
43795	35431		IFA	1	0
43796	35432		IFA	1	0
43797	35433		IFA	1	1
43798	35434		IFA	1	0
43799	35435		IFA	1	0
43800	35436		IFA	1	1
43801	35437		IFA	1	0
43802	35438		IFA	1	0
43803	35439		IFA	1	0
43804	35440		IFA	1	1
43805	35441		IFA	1	0
43806	35442		IFA	1	0
43807	35443		IFA	1	0
43808	35444		IFA	1	1
43809	35445		IFA	1	0
43810	35446		IFA	1	0
43811	35447		IFA	1	0
43812	35448		IFA	1	0
43813	35449		IFA	1	1
43814	35450		IFA	1	0
43815	35451		IFA	1	0
43816	35452		IFA	1	0
43817	35453		IFA	1	0
43818	35454		IFA	1	0
43819	35455		IFA	1	0
43820	35456		IFA	1	1
43821	35457		IFA	1	1
43822	35458		IFA	1	1
43823	35459		IFA	1	1
43824	35460		IFA	1	1
43825	35461		IFA	1	1
43826	35462		IFA	1	1
43827	35463		IFA	1	0
43828	35464		IFA	1	0
43829	35465		IFA	1	1
43830	35466		IFA	1	0
43831	35467		IFA	1	0
43832	35468		IFA	1	0
43833	35469		IFA	1	0
43834	35470		IFA	1	0
43835	35471		IFA	1	0
43836	35472		IFA	1	0
43837	35473		IFA	1	0
43838	35474		IFA	1	1
43839	35475		IFA	1	0
43840	35476		IFA	1	1
43841	35477		IFA	1	0
43842	35478		IFA	1	0
43843	35479		IFA	1	0
43844	35480		IFA	1	0
43845	35481		IFA	1	0
43846	35482		IFA	1	0
43847	35483		IFA	1	0
43848	35484		IFA	1	0
43849	35485		IFA	1	0
43850	35486		IFA	1	0
43851	35487		IFA	1	0
43852	35488		IFA	1	0
43853	35489		IFA	1	0
43854	35490		IFA	1	0
43855	35491		IFA	1	0
43856	35492		IFA	1	0
43857	35493		IFA	1	0
43858	35494		IFA	1	0
43859	35495		IFA	1	0
43860	35496		IFA	1	0
43861	35497		IFA	1	0
43862	35498		IFA	1	0
43863	35499		IFA	1	0
43864	35500		IFA	1	1
43865	35501		IFA	1	1
43866	35502		IFA	1	0
43867	35503		IFA	1	0
43868	35504		IFA	1	0
43869	35505		IFA	1	1
43870	35506		IFA	1	0
43871	35507		IFA	1	0
43872	35508		IFA	1	0
43873	35509		IFA	1	0
43874	35510		IFA	1	1
43875	35511		IFA	1	1
43876	35512		IFA	1	0
43877	35513		IFA	1	1
43878	35514		IFA	1	0
43879	35515		IFA	1	0
43880	35516		IFA	1	0
43881	35517		IFA	1	0
43882	35518		IFA	1	1
43883	35519		IFA	1	0
43884	35520		IFA	1	0
43885	35521		IFA	1	0
43886	35522		IFA	1	1
43887	35523		IFA	1	0
43888	35524		IFA	1	0
43889	35525		IFA	1	0
43890	35526		IFA	1	0
43891	35527		IFA	1	1
43892	35528		IFA	1	0
43893	35529		IFA	1	0
43894	35530		IFA	1	1
43895	35531		IFA	1	0
43896	35532		IFA	1	0
43897	35533		IFA	1	0
43898	35534		IFA	1	0
43899	35535		IFA	1	1
43900	35536		IFA	1	1
43901	35537		IFA	1	0
43902	35538		IFA	1	1
43903	35539		IFA	1	0
43904	35540		IFA	1	0
43905	35541		IFA	1	1
43906	35542		IFA	1	0
43907	35543		IFA	1	0
43908	35544		IFA	1	0
43909	35545		IFA	1	0
43910	35546		IFA	1	0
43911	35547		IFA	1	1
43912	35548		IFA	1	0
43913	35549		IFA	1	0
43914	35550		IFA	1	0
43915	35551		IFA	1	0
43916	35552		IFA	1	0
43917	35553		IFA	1	0
43918	35554		IFA	1	0
43919	35555		IFA	1	0
43920	35556		IFA	1	0
43921	35557		IFA	1	0
43922	35558		IFA	1	0
43923	35559		IFA	1	0
43924	35560		IFA	1	0
43925	35561		IFA	1	0
43926	35562		IFA	1	0
43927	35563		IFA	1	0
43928	35564		IFA	1	0
43929	35565		IFA	1	0
43930	35566		IFA	1	0
43931	35567		IFA	1	1
43932	35568		IFA	1	0
43933	35569		IFA	1	1
43934	35570		IFA	1	0
43935	35571		IFA	1	1
43936	35572		IFA	1	0
43937	35573		IFA	1	0
43938	35574		IFA	1	0
43939	35575		IFA	1	0
43940	35576		IFA	1	0
43941	35577		IFA	1	0
43942	35578		IFA	1	1
43943	35579		IFA	1	0
43944	35580		IFA	1	0
43945	35581		IFA	1	1
43946	35582		IFA	1	0
43947	35583		IFA	1	1
43948	35584		IFA	1	0
43949	35585		IFA	1	1
43950	35586		IFA	1	0
43951	35587		IFA	1	0
43952	35588		IFA	1	0
43953	35589		IFA	1	0
43954	35590		IFA	1	0
43955	35591		IFA	1	0
43956	35592		IFA	1	0
43957	35593		IFA	1	0
43958	35594		IFA	1	0
43959	35595		IFA	1	1
43960	35596		IFA	1	0
43961	35597		IFA	1	1
43962	35598		IFA	1	1
43963	35599		IFA	1	1
43964	35600		IFA	1	0
43965	35601		IFA	1	0
43966	35602		IFA	1	0
43967	35603		IFA	1	1
43968	35604		IFA	1	0
43969	35605		IFA	1	0
43970	35606		IFA	1	0
43971	35607		IFA	1	0
43972	35608		IFA	1	0
43973	35609		IFA	1	0
43974	35610		IFA	1	0
43975	35611		IFA	1	1
43976	35612		IFA	1	0
43977	35613		IFA	1	0
43978	35614		IFA	1	0
43979	35615		IFA	1	1
43980	35616		IFA	1	0
43981	35617		IFA	1	0
43982	35618		IFA	1	0
43983	35619		IFA	1	0
43984	35620		IFA	1	0
43985	35621		IFA	1	1
43986	35622		IFA	1	0
43987	35623		IFA	1	1
43988	35624		IFA	1	0
43989	35625		IFA	1	0
43990	35626		IFA	1	0
43991	35627		IFA	1	0
43992	35628		IFA	1	0
43993	35629		IFA	1	0
43994	35630		IFA	1	1
43995	35631		IFA	1	0
43996	35632		IFA	1	0
43997	35633		IFA	1	0
43998	35634		IFA	1	1
43999	35635		IFA	1	0
44000	35636		IFA	1	0
44001	35637		IFA	1	0
44002	35638		IFA	1	0
44003	35639		IFA	1	0
44004	35640		IFA	1	0
44005	35641		IFA	1	0
44006	35642		IFA	1	0
44007	35643		IFA	1	1
44008	35644		IFA	1	1
44009	35645		IFA	1	1
44010	35646		IFA	1	0
44011	35647		IFA	1	0
44012	35648		IFA	1	0
44013	35649		IFA	1	0
44014	35650		IFA	1	0
44015	35651		IFA	1	0
44016	35652		IFA	1	1
44017	35653		IFA	1	1
44018	35654		IFA	1	0
44019	35655		IFA	1	0
44020	35656		IFA	1	0
44021	35657		IFA	1	0
44022	35658		IFA	1	0
44023	35659		IFA	1	0
44024	35660		IFA	1	0
44025	35661		IFA	1	0
44026	35662		IFA	1	0
44027	35663		IFA	1	0
44028	35664		IFA	1	0
44029	35665		IFA	1	0
44030	35666		IFA	1	0
44031	35667		IFA	1	0
44032	35668		IFA	1	0
44033	35669		IFA	1	0
44034	35670		IFA	1	0
44035	35671		IFA	1	0
44036	35672		IFA	1	0
44037	35673		IFA	1	0
44038	35674		IFA	1	0
44039	35675		IFA	1	0
44040	35676		IFA	1	0
44041	35677		IFA	1	0
44042	35678		IFA	1	0
44043	35679		IFA	1	1
44044	35680		IFA	1	0
44045	35681		IFA	1	0
44046	35682		IFA	1	0
44047	35683		IFA	1	0
44048	35684		IFA	1	1
44049	35685		IFA	1	0
44050	35686		IFA	1	0
44051	35687		IFA	1	0
44052	35688		IFA	1	0
44053	35689		IFA	1	0
44054	35690		IFA	1	0
44055	35691		IFA	1	0
44056	35692		IFA	1	1
44057	35693		IFA	1	1
44058	35694		IFA	1	0
44059	35695		IFA	1	1
44060	35696		IFA	1	1
44061	35697		IFA	1	1
44062	35698		IFA	1	0
44063	35699		IFA	1	0
44064	35700		IFA	1	0
44065	35701		IFA	1	0
44066	35702		IFA	1	0
44067	35703		IFA	1	0
44068	35704		IFA	1	0
44069	35705		IFA	1	0
44070	35706		IFA	1	0
44071	35707		IFA	1	0
44072	35708		IFA	1	0
44073	35709		IFA	1	0
44074	35710		IFA	1	0
44075	35711		IFA	1	1
44076	35712		IFA	1	0
44077	35713		IFA	1	0
44078	35714		IFA	1	1
44079	35715		IFA	1	1
44080	35716		IFA	1	0
44081	35717		IFA	1	0
44082	35718		IFA	1	0
44083	35719		IFA	1	0
44084	35720		IFA	1	0
44085	35721		IFA	1	0
44086	35722		IFA	1	0
44087	35723		IFA	1	0
44088	35724		IFA	1	0
44089	35725		IFA	1	0
44090	35726		IFA	1	0
44091	35727		IFA	1	1
44092	35728		IFA	1	1
44093	35729		IFA	1	0
44094	35730		IFA	1	0
44095	35731		IFA	1	0
44096	35732		IFA	1	0
44097	35733		IFA	1	0
44098	35734		IFA	1	0
44099	35735		IFA	1	1
44100	35736		IFA	1	0
44101	35737		IFA	1	0
44102	35738		IFA	1	0
44103	35739		IFA	1	1
44104	35740		IFA	1	0
44105	35741		IFA	1	0
44106	35742		IFA	1	0
44107	35743		IFA	1	0
44108	35744		IFA	1	0
44109	35745		IFA	1	0
44110	35746		IFA	1	0
44111	35747		IFA	1	0
44112	35748		IFA	1	0
44113	35749		IFA	1	0
44114	35750		IFA	1	0
44115	35751		IFA	1	0
44116	35752		IFA	1	0
44117	35753		IFA	1	0
44118	35754		IFA	1	0
44119	35331		PCR	0	0
44120	35332		PCR	0	0
44121	35333		PCR	1	0
44122	35334		PCR	0	0
44123	35335		PCR	0	0
44124	35336		PCR	0	0
44125	35337		PCR	0	0
44126	35338		PCR	0	0
44127	35339		PCR	0	0
44128	35340		PCR	1	0
44129	35341		PCR	0	0
44130	35342		PCR	0	0
44131	35343		PCR	0	0
44132	35344		PCR	0	0
44133	35345		PCR	0	0
44134	35346		PCR	0	0
44135	35347		PCR	0	0
44136	35348		PCR	0	0
44137	35349		PCR	0	0
44138	35350		PCR	0	0
44139	35351		PCR	0	0
44140	35352		PCR	0	0
44141	35353		PCR	0	0
44142	35354		PCR	0	0
44143	35355		PCR	0	0
44144	35356		PCR	0	0
44145	35357		PCR	0	0
44146	35358		PCR	0	0
44147	35359		PCR	0	0
44148	35360		PCR	0	0
44149	35361		PCR	0	0
44150	35362		PCR	0	0
44151	35363		PCR	0	0
44152	35364		PCR	0	0
44153	35365		PCR	0	0
44154	35366		PCR	0	0
44155	35367		PCR	0	0
44156	35368		PCR	0	0
44157	35369		PCR	0	0
44158	35370		PCR	0	0
44159	35371		PCR	0	0
44160	35372		PCR	0	0
44161	35373		PCR	0	0
44162	35374		PCR	0	0
44163	35375		PCR	0	0
44164	35376		PCR	0	0
44165	35377		PCR	0	0
44166	35378		PCR	1	0
44167	35379		PCR	1	1
44168	35380		PCR	0	0
44169	35381		PCR	1	1
44170	35382		PCR	0	0
44171	35383		PCR	1	1
44172	35384		PCR	0	0
44173	35385		PCR	0	0
44174	35386		PCR	0	0
44175	35387		PCR	0	0
44176	35388		PCR	0	0
44177	35389		PCR	1	0
44178	35390		PCR	0	0
44179	35391		PCR	0	0
44180	35392		PCR	0	0
44181	35393		PCR	0	0
44182	35394		PCR	0	0
44183	35395		PCR	1	1
44184	35396		PCR	0	0
44185	35397		PCR	0	0
44186	35398		PCR	0	0
44187	35399		PCR	0	0
44188	35400		PCR	0	0
44189	35401		PCR	0	0
44190	35402		PCR	0	0
44191	35403		PCR	1	1
44192	35404		PCR	0	0
44193	35405		PCR	0	0
44194	35406		PCR	0	0
44195	35407		PCR	0	0
44196	35408		PCR	0	0
44197	35409		PCR	1	1
44198	35410		PCR	0	0
44199	35411		PCR	0	0
44200	35412		PCR	1	1
44201	35413		PCR	0	0
44202	35414		PCR	0	0
44203	35415		PCR	1	0
44204	35416		PCR	0	0
44205	35417		PCR	0	0
44206	35418		PCR	0	0
44207	35419		PCR	0	0
44208	35420		PCR	0	0
44209	35421		PCR	0	0
44210	35422		PCR	1	0
44211	35423		PCR	0	0
44212	35424		PCR	0	0
44213	35425		PCR	0	0
44214	35426		PCR	0	0
44215	35427		PCR	0	0
44216	35428		PCR	0	0
44217	35429		PCR	0	0
44218	35430		PCR	0	0
44219	35431		PCR	0	0
44220	35432		PCR	0	0
44221	35433		PCR	1	0
44222	35434		PCR	0	0
44223	35435		PCR	0	0
44224	35436		PCR	1	0
44225	35437		PCR	0	0
44226	35438		PCR	0	0
44227	35439		PCR	0	0
44228	35440		PCR	1	1
44229	35441		PCR	0	0
44230	35442		PCR	0	0
44231	35443		PCR	0	0
44232	35444		PCR	1	1
44233	35445		PCR	0	0
44234	35446		PCR	0	0
44235	35447		PCR	0	0
44236	35448		PCR	0	0
44237	35449		PCR	1	0
44238	35450		PCR	0	0
44239	35451		PCR	0	0
44240	35452		PCR	0	0
44241	35453		PCR	0	0
44242	35454		PCR	0	0
44243	35455		PCR	0	0
44244	35456		PCR	1	1
44245	35457		PCR	1	0
44246	35458		PCR	1	1
44247	35459		PCR	1	1
44248	35460		PCR	1	1
44249	35461		PCR	0	0
44250	35462		PCR	1	1
44251	35463		PCR	0	0
44252	35464		PCR	0	0
44253	35465		PCR	1	1
44254	35466		PCR	0	0
44255	35467		PCR	0	0
44256	35468		PCR	0	0
44257	35469		PCR	0	0
44258	35470		PCR	0	0
44259	35471		PCR	0	0
44260	35472		PCR	0	0
44261	35473		PCR	0	0
44262	35474		PCR	1	1
44263	35475		PCR	0	0
44264	35476		PCR	1	1
44265	35477		PCR	0	0
44266	35478		PCR	0	0
44267	35479		PCR	0	0
44268	35480		PCR	0	0
44269	35481		PCR	0	0
44270	35482		PCR	0	0
44271	35483		PCR	0	0
44272	35484		PCR	0	0
44273	35485		PCR	0	0
44274	35486		PCR	0	0
44275	35487		PCR	0	0
44276	35488		PCR	0	0
44277	35489		PCR	0	0
44278	35490		PCR	0	0
44279	35491		PCR	0	0
44280	35492		PCR	0	0
44281	35493		PCR	0	0
44282	35494		PCR	0	0
44283	35495		PCR	1	1
44284	35496		PCR	0	0
44285	35497		PCR	0	0
44286	35498		PCR	0	0
44287	35499		PCR	0	0
44288	35500		PCR	1	0
44289	35501		PCR	1	1
44290	35502		PCR	0	0
44291	35503		PCR	0	0
44292	35504		PCR	0	0
44293	35505		PCR	1	1
44294	35506		PCR	0	0
44295	35507		PCR	0	0
44296	35508		PCR	0	0
44297	35509		PCR	0	0
44298	35510		PCR	1	1
44299	35511		PCR	1	0
44300	35512		PCR	0	0
44301	35513		PCR	1	1
44302	35514		PCR	0	0
44303	35515		PCR	0	0
44304	35516		PCR	0	0
44305	35517		PCR	0	0
44306	35518		PCR	1	1
44307	35519		PCR	0	0
44308	35520		PCR	0	0
44309	35521		PCR	0	0
44310	35522		PCR	1	1
44311	35523		PCR	0	0
44312	35524		PCR	0	0
44313	35525		PCR	0	0
44314	35526		PCR	0	0
44315	35527		PCR	1	0
44316	35528		PCR	0	0
44317	35529		PCR	0	0
44318	35530		PCR	1	1
44319	35531		PCR	0	0
44320	35532		PCR	0	0
44321	35533		PCR	0	0
44322	35534		PCR	0	0
44323	35535		PCR	1	1
44324	35536		PCR	1	1
44325	35537		PCR	0	0
44326	35538		PCR	1	0
44327	35539		PCR	0	0
44328	35540		PCR	0	0
44329	35541		PCR	0	0
44330	35542		PCR	0	0
44331	35543		PCR	0	0
44332	35544		PCR	0	0
44333	35545		PCR	0	0
44334	35546		PCR	0	0
44335	35547		PCR	1	1
44336	35548		PCR	0	0
44337	35549		PCR	0	0
44338	35550		PCR	0	0
44339	35551		PCR	0	0
44340	35552		PCR	0	0
44341	35553		PCR	0	0
44342	35554		PCR	0	0
44343	35555		PCR	0	0
44344	35556		PCR	0	0
44345	35557		PCR	0	0
44346	35558		PCR	0	0
44347	35559		PCR	0	0
44348	35560		PCR	0	0
44349	35561		PCR	0	0
44350	35562		PCR	0	0
44351	35563		PCR	0	0
44352	35564		PCR	0	0
44353	35565		PCR	0	0
44354	35566		PCR	1	0
44355	35567		PCR	1	1
44356	35568		PCR	0	0
44357	35569		PCR	0	0
44358	35570		PCR	0	0
44359	35571		PCR	0	0
44360	35572		PCR	0	0
44361	35573		PCR	0	0
44362	35574		PCR	0	0
44363	35575		PCR	0	0
44364	35576		PCR	0	0
44365	35577		PCR	0	0
44366	35578		PCR	1	0
44367	35579		PCR	0	0
44368	35580		PCR	0	0
44369	35581		PCR	1	1
44370	35582		PCR	0	0
44371	35583		PCR	1	1
44372	35584		PCR	0	0
44373	35585		PCR	1	0
44374	35586		PCR	0	0
44375	35587		PCR	0	0
44376	35588		PCR	0	0
44377	35589		PCR	0	0
44378	35590		PCR	0	0
44379	35591		PCR	0	0
44380	35592		PCR	0	0
44381	35593		PCR	0	0
44382	35594		PCR	0	0
44383	35595		PCR	1	1
44384	35596		PCR	0	0
44385	35597		PCR	1	1
44386	35598		PCR	1	1
44387	35599		PCR	1	1
44388	35600		PCR	0	0
44389	35601		PCR	0	0
44390	35602		PCR	0	0
44391	35603		PCR	1	1
44392	35604		PCR	0	0
44393	35605		PCR	0	0
44394	35606		PCR	0	0
44395	35607		PCR	0	0
44396	35608		PCR	0	0
44397	35609		PCR	0	0
44398	35610		PCR	0	0
44399	35611		PCR	1	1
44400	35612		PCR	0	0
44401	35613		PCR	0	0
44402	35614		PCR	0	0
44403	35615		PCR	0	0
44404	35616		PCR	0	0
44405	35617		PCR	0	0
44406	35618		PCR	0	0
44407	35619		PCR	1	0
44408	35620		PCR	0	0
44409	35621		PCR	1	0
44410	35622		PCR	0	0
44411	35623		PCR	1	1
44412	35624		PCR	0	0
44413	35625		PCR	0	0
44414	35626		PCR	0	0
44415	35627		PCR	0	0
44416	35628		PCR	0	0
44417	35629		PCR	0	0
44418	35630		PCR	1	0
44419	35631		PCR	0	0
44420	35632		PCR	0	0
44421	35633		PCR	0	0
44422	35634		PCR	1	1
44423	35635		PCR	0	0
44424	35636		PCR	0	0
44425	35637		PCR	0	0
44426	35638		PCR	0	0
44427	35639		PCR	0	0
44428	35640		PCR	0	0
44429	35641		PCR	0	0
44430	35642		PCR	0	0
44431	35643		PCR	1	0
44432	35644		PCR	1	1
44433	35645		PCR	1	1
44434	35646		PCR	0	0
44435	35647		PCR	0	0
44436	35648		PCR	0	0
44437	35649		PCR	0	0
44438	35650		PCR	1	0
44439	35651		PCR	0	0
44440	35652		PCR	0	0
44441	35653		PCR	1	1
44442	35654		PCR	0	0
44443	35655		PCR	0	0
44444	35656		PCR	0	0
44445	35657		PCR	0	0
44446	35658		PCR	0	0
44447	35659		PCR	0	0
44448	35660		PCR	0	0
44449	35661		PCR	0	0
44450	35662		PCR	0	0
44451	35663		PCR	0	0
44452	35664		PCR	0	0
44453	35665		PCR	0	0
44454	35666		PCR	0	0
44455	35667		PCR	0	0
44456	35668		PCR	0	0
44457	35669		PCR	0	0
44458	35670		PCR	0	0
44459	35671		PCR	0	0
44460	35672		PCR	0	0
44461	35673		PCR	0	0
44462	35674		PCR	0	0
44463	35675		PCR	0	0
44464	35676		PCR	0	0
44465	35677		PCR	0	0
44466	35678		PCR	0	0
44467	35679		PCR	1	1
44468	35680		PCR	0	0
44469	35681		PCR	0	0
44470	35682		PCR	0	0
44471	35683		PCR	0	0
44472	35684		PCR	1	1
44473	35685		PCR	0	0
44474	35686		PCR	0	0
44475	35687		PCR	0	0
44476	35688		PCR	0	0
44477	35689		PCR	0	0
44478	35690		PCR	0	0
44479	35691		PCR	0	0
44480	35692		PCR	0	0
44481	35693		PCR	1	1
44482	35694		PCR	0	0
44483	35695		PCR	1	1
44484	35696		PCR	1	0
44485	35697		PCR	1	1
44486	35698		PCR	0	0
44487	35699		PCR	0	0
44488	35700		PCR	0	0
44489	35701		PCR	0	0
44490	35702		PCR	0	0
44491	35703		PCR	0	0
44492	35704		PCR	0	0
44493	35705		PCR	0	0
44494	35706		PCR	0	0
44495	35707		PCR	0	0
44496	35708		PCR	0	0
44497	35709		PCR	0	0
44498	35710		PCR	0	0
44499	35711		PCR	1	1
44500	35712		PCR	0	0
44501	35713		PCR	0	0
44502	35714		PCR	1	0
44503	35715		PCR	1	1
44504	35716		PCR	0	0
44505	35717		PCR	0	0
44506	35718		PCR	0	0
44507	35719		PCR	0	0
44508	35720		PCR	0	0
44509	35721		PCR	0	0
44510	35722		PCR	0	0
44511	35723		PCR	0	0
44512	35724		PCR	0	0
44513	35725		PCR	0	0
44514	35726		PCR	0	0
44515	35727		PCR	0	0
44516	35728		PCR	1	0
44517	35729		PCR	0	0
44518	35730		PCR	0	0
44519	35731		PCR	0	0
44520	35732		PCR	0	0
44521	35733		PCR	0	0
44522	35734		PCR	1	0
44523	35735		PCR	1	0
44524	35736		PCR	0	0
44525	35737		PCR	0	0
44526	35738		PCR	0	0
44527	35739		PCR	0	0
44528	35740		PCR	0	0
44529	35741		PCR	0	0
44530	35742		PCR	0	0
44531	35743		PCR	0	0
44532	35744		PCR	0	0
44533	35745		PCR	0	0
44534	35746		PCR	0	0
44535	35747		PCR	0	0
44536	35748		PCR	0	0
44537	35749		PCR	0	0
44538	35750		PCR	0	0
44539	35751		PCR	0	0
44540	35752		PCR	0	0
44541	35753		PCR	0	0
44542	35754		PCR	0	0
